[
    19575561072439443508243858139612478390391991571378014518916920378058967037807,
    16182907106711440842080431512935238307462654905749640389139654852606731266772,
    496398908693508235169885424569313784663804456270403838017455818985209913972,
    12088115342891510437654033594884238298634379946642715048538049433441099404603,
    15586707420097172121230743768657306299412212279805510877212290757167120378872,
    17694480238780685495847054095840167470846103128040530612325473139069974292850
], 

[
    13212591324082152296825002974707425334315067371098592160848967140423618739884,
    5189187215079880145166591643901120635081042379241369104105797147847308019031,
    12541475719821484652511125754720244485171389493352521839001858267000407632598,
    13718179007001968372408682735050042644054291264113305682596630409590319168254,
    16059413047325946392797788293364691141641609178250100281384969395299663452283,
    16920930290644608411117349370043158492184807796495530832831997661022476640355
], 

[
    18941365278103225884708391819614564052283530980573831518532573304736509778751,
    14846259097443725993462193328270129665099886181095119121239044862978699899806,
    11559732032986387107991004021392285783925812861821192530917403151452391805634,
    10857046999023057135944570762232829481370756359578518086990519993285655852781,
    4082367875863433681332203403145435568316851327593401208105741076214120093531,
    8495653923123431417604973247489272438418190587263600148770280649306958101930
], 
[
    4642796641850928666125845950616771923814864562413642624823953205127776442124,
    4937441107641366007007416246731191312496389056832956758819609684443128528616,
    11559732032986387107991004021392285783925812861821192530917403151452391805634,
    10857046999023057135944570762232829481370756359578518086990519993285655852781,
    4082367875863433681332203403145435568316851327593401208105741076214120093531,
    8495653923123431417604973247489272438418190587263600148770280649306958101930
]